Throughput: 22921.5719251

Throughput: 21622.9835453

Throughput: 22458.6211602

Throughput: 23220.2607592

